800 4 1
-1.822 -6.882 5.468 0.057 1
-0.847 3.133 -3.011 -2.939 1
-1.749 -6.332 6.099 0.143 1
-0.778 3.402 -3.486 -3.557 1
-3.696 -13.678 17.580 -2.618 1
0.936 8.641 -1.635 -1.304 0
0.682 4.850 -5.213 -6.104 1
-1.005 0.085 -0.246 0.457 1
-0.826 2.961 -1.286 -1.465 1
1.899 7.663 0.154 -3.111 0
-1.603 -0.389 1.620 1.910 1
1.028 9.767 -1.369 -1.785 0
4.340 -5.304 3.880 -0.704 0
-1.855 -9.604 7.776 -0.977 1
1.581 0.869 -2.314 0.824 1
1.262 4.430 -1.334 -1.752 0
4.568 3.193 -2.106 0.297 0
1.932 6.042 0.260 -2.053 0
0.642 3.129 4.293 0.647 0
-0.721 -6.758 5.841 0.624 1
-2.015 3.687 -1.939 -3.892 1
-2.179 -6.448 6.034 -0.208 1
-2.005 -0.495 1.333 1.654 1
4.171 8.722 -3.022 -0.597 0
0.210 -0.461 7.727 0.909 0
-0.697 -1.767 -0.345 -0.124 1
2.467 1.393 1.713 0.414 0
4.093 5.413 -1.822 0.236 0
0.434 5.540 2.033 -0.404 0
-5.030 7.503 -0.134 -7.503 1
0.836 1.107 -2.471 -0.063 1
0.745 3.636 -4.404 -4.141 1
-1.389 12.503 0.691 -7.549 0
-3.536 0.304 0.657 -0.296 1
-3.099 -10.460 8.972 -2.343 1
5.173 3.961 -1.983 0.408 0
-2.839 -6.630 10.485 -0.421 1
0.248 7.644 0.989 -0.874 0
3.864 3.706 0.704 0.352 0
4.707 8.296 -2.561 -1.491 0
-2.950 -8.273 10.265 1.163 1
-2.218 -1.254 2.999 0.364 1
0.942 5.856 1.876 -0.325 0
2.401 9.359 -3.357 -3.353 0
0.063 2.930 -3.547 -2.674 1
-0.965 9.411 1.731 -4.863 0
-0.467 2.338 -2.981 -1.043 1
-2.368 -0.437 1.692 -0.430 1
1.275 8.817 -1.532 -1.796 0
1.152 1.386 5.273 -0.435 0
-4.486 -13.289 17.309 -3.219 1
-2.198 -2.125 1.715 0.452 1
-3.574 3.944 -0.079 -2.120 1
-5.903 6.568 0.677 -6.680 1
0.548 10.375 -1.544 -4.163 0
-6.163 8.710 -0.216 -3.635 1
0.679 4.120 -4.569 -4.141 1
-2.286 -5.448 5.804 0.882 1
3.269 3.418 0.207 -0.067 0
-4.478 7.371 -0.312 -6.775 1
1.352 1.060 -2.344 0.400 1
0.502 0.654 -1.179 0.400 1
3.943 2.502 1.522 0.903 0
-0.982 2.796 -1.234 -1.567 1
-1.300 10.268 -2.953 -5.864 0
3.622 8.666 -2.807 -0.447 0
-1.897 3.507 -1.784 -3.849 1
-1.758 2.740 -2.532 -2.234 1
-0.217 8.033 1.885 -3.885 0
0.333 3.311 -4.508 -4.012 1
3.999 0.904 1.169 1.689 0
1.794 -1.117 1.545 -0.261 0
3.242 6.227 0.122 -1.447 0
-4.209 4.728 -0.491 -5.216 1
0.331 4.573 2.057 -0.190 0
4.165 -3.450 3.643 1.088 0
4.041 0.515 1.028 1.106 0
-1.409 -2.125 -0.104 -0.192 1
-1.595 -6.572 4.769 -0.944 1
1.635 3.286 2.875 0.087 0
3.757 -5.424 3.826 -1.253 0
-0.817 3.381 -3.668 -3.456 1
2.127 6.878 0.448 -2.222 0
4.569 -4.455 3.177 0.004 0
-3.605 -5.974 10.092 -0.828 1
-0.554 -7.923 6.716 0.744 1
2.621 5.792 0.066 -1.576 0
-0.787 9.566 -3.787 -7.503 0
-2.234 -7.031 7.494 0.613 1
3.270 -4.341 3.688 -0.298 0
-0.896 3.003 -3.607 -3.446 1
4.276 -2.653 2.138 0.944 0
-2.075 1.277 -0.642 -1.264 1
-0.429 -0.147 0.044 -0.156 1
-1.445 -8.439 8.848 0.969 1
-3.492 -12.174 14.369 -0.616 1
1.957 -5.115 8.613 -1.430 0
5.359 3.756 -1.735 1.079 0
-3.724 1.904 -0.035 -2.510 1
4.203 0.228 0.961 0.973 0
3.820 10.928 -4.011 -5.028 0
0.202 1.918 -3.283 -0.618 1
4.097 0.470 1.667 0.916 0
5.438 9.467 -4.942 -3.920 0
1.340 4.132 -4.702 -2.599 1
0.520 -3.263 3.090 -0.985 0
1.546 8.548 0.419 -2.178 0
1.726 -4.470 8.222 -1.807 0
2.093 8.306 0.023 -3.272 0
4.120 -2.796 2.071 0.674 0
1.490 3.429 -4.031 -1.426 1
-5.441 7.236 0.109 -7.564 1
-1.616 0.809 8.163 0.608 0
-4.505 -5.813 10.887 -0.528 1
-0.295 9.049 -0.527 -2.079 0
-1.131 1.846 -1.358 -1.381 1
0.947 -0.571 7.190 -0.676 0
-1.666 -0.300 1.424 0.025 1
-2.352 -4.836 6.648 -0.060 1
-0.122 8.807 0.946 -4.227 0
3.205 8.689 -2.903 -0.782 0
-1.671 -2.090 1.584 0.712 1
2.888 0.447 4.591 -0.244 0
0.748 7.276 1.150 -0.539 0
-1.706 2.796 -2.378 -2.349 1
0.845 3.483 -3.631 -1.396 1
-2.217 1.467 -0.727 -1.172 1
-4.286 8.523 3.139 -0.916 0
-2.535 -0.774 3.360 0.002 1
4.635 -3.009 2.677 1.212 0
0.185 6.508 2.013 -0.872 0
-1.428 11.880 0.416 -6.998 0
-0.062 6.198 1.099 -1.131 0
-1.702 -0.010 -0.993 -0.531 1
-1.119 10.727 2.094 -5.650 0
-3.269 -12.741 15.557 -0.142 1
-2.410 3.743 -0.402 -1.295 1
-3.518 2.876 0.155 -1.209 1
1.641 3.549 1.396 -0.364 0
-1.577 10.843 2.546 -2.936 0
0.266 0.733 -0.679 0.035 1
-2.799 1.968 -0.424 -2.113 1
3.457 9.523 -4.011 -3.594 0
-2.761 -10.510 9.024 -1.955 1
-2.914 -9.471 9.767 -0.602 1
1.156 6.400 1.551 0.696 0
4.030 2.676 0.807 0.717 0
2.401 1.622 3.031 0.717 0
-0.015 -1.024 -0.940 0.650 1
4.072 7.640 -2.082 -1.170 0
5.735 5.281 -2.260 0.075 0
0.343 0.124 -0.287 0.147 1
3.106 9.541 -4.254 -4.003 0
-0.620 0.559 -0.386 -0.664 1
2.568 3.514 0.614 -0.407 0
3.492 8.571 -3.033 -0.592 0
4.711 2.076 -0.270 1.238 0
0.520 -3.263 3.090 -0.985 0
3.936 10.162 -3.824 -4.017 0
-2.992 -6.626 8.652 1.820 1
5.132 -0.031 0.326 1.115 0
6.563 9.819 -4.411 -3.226 0
0.743 11.170 -1.382 -4.073 0
4.605 -4.077 2.759 0.320 0
-0.127 -1.151 -0.951 0.578 1
4.055 0.401 1.456 0.653 0
-1.798 -6.769 6.675 0.899 1
0.876 6.814 0.842 -0.172 0
-2.420 -0.244 0.701 0.418 1
-0.299 2.477 -2.951 -0.662 1
-1.080 2.200 -2.586 -1.276 1
-1.760 11.921 2.676 -3.324 0
-0.365 2.893 -3.646 -3.060 1
-2.053 3.839 -0.795 -1.214 1
4.385 -4.879 3.366 -0.029 0
-0.908 -7.903 6.781 0.342 1
-2.363 -0.106 1.934 1.136 1
-0.348 -0.387 -0.478 0.626 1
-4.079 2.924 0.870 -0.654 1
-1.056 0.795 -1.697 -0.468 1
-1.180 11.509 0.156 -6.819 0
5.086 3.280 -1.270 1.119 0
1.551 3.801 -4.914 -3.748 1
4.193 -3.267 2.584 0.218 0
-1.083 -0.312 1.282 0.413 1
2.826 9.401 -3.303 -1.051 0
-4.244 -13.063 17.112 -2.802 1
-1.438 -1.862 4.026 0.551 1
3.824 -3.108 2.454 0.520 0
2.453 2.965 0.200 -0.056 0
-2.096 -7.106 6.619 -0.337 1
4.407 -0.070 2.042 1.132 0
2.084 6.626 0.484 -2.213 0
2.549 6.150 -1.161 -1.237 0
-3.461 2.690 0.162 -1.022 1
-0.025 -0.174 -0.113 1.220 1
3.240 -3.708 5.280 0.413 0
2.610 8.008 -0.236 -1.761 0
5.740 -0.443 0.380 1.376 0
3.330 0.913 1.581 0.394 0
3.583 1.442 1.022 1.401 0
3.063 -3.332 5.131 0.827 0
3.559 1.308 1.291 1.656 0
4.808 2.233 -0.263 1.553 0
3.658 7.280 -2.269 -1.144 0
0.117 6.276 -1.550 -2.475 0
3.001 5.813 -2.231 -0.666 0
-2.482 -7.305 6.839 -0.591 1
-2.076 10.822 2.644 -4.837 0
3.586 -3.096 2.809 0.245 0
-4.148 7.123 -0.083 -6.417 1
-1.573 1.064 -0.712 -0.839 1
3.850 9.794 -4.151 -4.458 0
-3.568 -8.213 10.083 0.968 1
0.040 8.523 1.446 -3.931 0
-3.959 4.029 -0.358 -3.896 1
0.771 9.086 -1.228 -1.500 0
2.665 10.754 -3.399 -4.169 0
0.571 -0.025 1.242 -0.562 0
3.513 2.907 1.058 0.408 0
-2.314 2.084 -0.468 -1.677 1
-5.873 9.175 -0.274 -6.042 1
0.336 6.837 0.697 -0.557 0
-2.979 2.345 0.527 -0.402 1
0.441 2.949 4.323 0.716 0
1.934 0.000 4.816 -0.340 0
-4.500 3.429 0.563 -1.167 1
-2.180 3.379 -1.226 -2.662 1
3.764 2.781 0.661 0.342 0
-3.360 -0.327 2.132 0.602 1
-2.902 -7.656 11.832 -0.843 1
4.010 10.657 -4.139 -5.065 0
-0.510 -0.236 0.020 0.763 1
2.091 0.944 4.551 1.234 0
-3.895 4.039 -0.302 -2.184 1
-2.250 3.313 -0.884 -2.897 1
-0.936 -5.101 4.537 1.387 1
5.242 10.539 -4.117 -4.280 0
-2.462 2.765 -0.626 -2.857 1
-0.917 9.988 1.180 -5.226 0
3.948 -3.772 2.883 0.020 0
3.259 -4.461 3.802 -0.151 0
-3.889 -7.832 9.821 0.475 1
5.494 1.548 0.042 1.928 0
3.917 10.249 -4.093 -4.466 0
-2.590 -0.391 0.935 0.430 1
-2.141 -0.168 1.321 -0.209 1
0.322 -0.898 8.088 0.692 0
-0.493 3.061 -1.836 -2.834 1
0.154 0.118 -1.682 0.595 1
-0.643 2.475 -2.945 -1.028 1
1.143 0.834 5.455 -0.570 0
0.235 -4.515 2.120 1.445 1
-4.945 3.301 1.063 -1.444 1
-0.408 0.542 -0.527 0.659 1
-4.946 3.572 0.827 -1.496 1
-1.341 -1.916 -0.155 -0.120 1
-1.366 0.184 0.905 1.581 1
-1.522 10.841 2.783 -4.097 0
2.721 7.050 -0.588 0.418 0
1.742 -4.809 8.214 -2.066 0
1.569 6.347 -0.183 -2.410 0
-0.271 3.267 -3.556 -3.089 1
-2.262 12.118 0.288 -7.758 0
1.788 4.780 -5.136 -3.236 1
0.927 9.432 -0.663 -1.673 0
2.253 9.964 -3.175 -2.994 0
1.916 6.082 0.237 -2.012 0
-2.268 3.296 -2.256 -2.464 1
-0.773 -7.447 6.492 0.361 1
2.972 6.837 -0.270 0.713 0
-4.211 -12.474 14.970 -1.388 1
-2.066 0.170 -1.005 -0.830 1
2.429 9.382 -3.248 -1.454 0
-0.603 1.724 -2.150 -0.770 1
-1.150 1.295 7.701 0.626 0
1.356 3.214 4.347 0.787 0
4.135 6.119 -2.429 -0.196 0
-3.730 -12.972 12.982 -2.684 1
3.577 2.400 1.891 0.732 0
-3.571 -12.492 14.888 -0.470 1
-5.119 6.649 -0.050 -6.521 1
3.692 -3.959 4.344 1.352 0
4.344 3.330 0.836 0.650 0
4.052 5.680 -1.969 0.026 0
-3.848 -12.805 15.682 -1.281 1
-4.843 -4.993 10.405 -0.531 1
4.565 -3.628 2.868 0.277 0
4.241 -2.485 1.608 0.716 0
5.043 -0.530 0.504 1.106 0
3.358 -4.306 6.024 0.183 0
0.967 3.843 -4.931 -4.132 1
-1.094 2.307 -2.524 -1.445 1
3.138 -4.110 4.570 0.990 0
3.798 10.423 -4.160 -4.973 0
2.175 -0.809 5.102 -0.680 0
1.853 6.146 1.018 -2.040 0
0.904 3.371 -4.499 -3.697 1
-1.998 -6.607 4.825 -0.420 1
3.359 9.802 -3.821 -3.713 0
4.992 7.865 -2.352 -0.720 0
3.431 6.264 -1.951 -0.362 0
2.570 -4.408 5.986 0.078 0
-4.233 4.917 -0.492 -5.321 1
3.122 -3.137 1.926 -0.375 0
-0.780 3.232 -3.282 -3.100 1
4.246 1.198 0.666 0.947 0
1.257 4.873 -5.286 -5.874 1
5.937 6.166 -2.591 -0.366 0
-5.068 -5.188 10.427 -0.867 1
1.220 2.098 -3.195 0.128 1
1.228 4.031 -4.644 -3.913 1
4.042 -4.391 4.747 1.137 0
1.897 -2.516 2.809 -0.797 0
-1.668 -7.154 7.893 0.968 1
-0.878 3.257 -3.678 -3.294 1
2.823 10.851 -3.147 -3.978 0
2.373 10.473 -3.009 -3.201 0
3.376 -4.095 4.367 1.070 0
1.570 7.913 0.290 -2.195 0
5.723 5.831 -2.410 -0.245 0
1.143 -3.741 5.578 -0.636 0
2.642 7.586 -0.286 -1.668 0
-0.556 3.214 -3.309 -2.797 1
-1.803 11.882 2.046 -5.273 0
-0.895 2.028 -2.365 -1.275 1
-0.959 -6.713 4.986 0.329 1
4.407 10.907 -4.578 -4.427 0
-2.455 -9.041 8.862 -0.870 1
-1.734 2.018 7.762 0.935 0
-1.339 1.552 7.081 1.031 0
0.539 3.894 -4.817 -4.342 1
-4.143 2.775 0.683 -0.720 1
-1.863 -0.848 2.538 0.097 1
2.672 5.657 0.730 -1.489 0
4.385 -3.073 3.042 1.274 0
2.766 0.662 4.149 -0.284 0
-2.915 4.054 -0.457 -4.033 1
1.911 8.871 -2.339 -0.756 0
1.458 -0.085 4.179 0.591 0
1.231 3.892 -4.828 -4.007 1
0.968 7.191 1.280 -2.457 0
1.859 3.207 -0.160 -0.262 0
3.156 2.891 0.597 0.798 0
-1.389 -4.877 6.477 0.342 1
3.629 0.813 1.628 0.776 0
-2.734 0.455 2.439 0.218 1
-1.726 -6.024 5.242 0.295 1
1.811 7.607 -0.979 -2.467 0
2.014 6.142 0.379 0.569 0
2.420 6.467 -0.757 0.228 0
5.030 -4.970 3.503 -0.238 0
3.154 -5.171 6.599 0.575 0
2.950 2.249 1.346 -0.037 0
-3.718 -8.509 12.363 -0.955 1
1.590 2.212 -3.118 -0.117 1
-2.862 4.519 -0.581 -4.263 1
-1.941 -8.685 9.155 0.940 1
-4.886 7.054 -0.173 -6.959 1
-1.012 -0.190 -0.906 0.003 1
-7.042 9.200 0.259 -4.683 1
-1.242 -1.718 -0.526 -0.210 1
0.681 2.326 4.909 0.550 0
-0.278 8.188 -3.134 -2.528 0
-3.285 4.037 -0.454 -1.823 1
-5.525 6.326 0.898 -6.624 1
4.013 10.148 -3.937 -4.073 0
2.739 7.402 0.072 -2.530 0
0.045 6.733 1.071 -0.933 0
3.534 9.361 -3.632 -1.246 0
0.664 -0.046 -0.188 0.234 1
-0.508 2.868 -1.811 -2.261 1
3.929 -2.916 2.213 0.308 0
-3.609 3.325 -0.520 -3.574 1
0.123 8.985 -0.935 -2.433 0
0.804 2.847 4.344 0.602 0
-2.648 10.137 -1.331 -5.471 0
0.867 5.564 1.677 -0.168 0
0.189 0.701 -0.512 0.006 1
1.743 3.683 -4.013 -1.721 1
-1.139 1.813 6.914 0.701 0
-1.074 -6.311 5.355 0.805 1
-4.225 6.270 0.158 -5.546 1
3.966 10.168 -4.113 -4.606 0
-0.398 5.978 1.391 -1.162 0
4.434 9.887 -4.680 -3.748 0
3.067 -4.412 3.824 -0.817 0
-0.709 -5.560 4.048 0.903 1
-0.887 2.808 -3.143 -1.204 1
0.329 -4.455 4.572 -0.989 0
2.307 3.536 0.576 0.419 0
0.833 7.540 0.650 -0.925 0
-2.591 -0.106 1.280 1.041 1
0.273 4.877 -4.919 -5.820 1
-2.714 11.454 2.109 -3.963 0
3.516 10.189 -4.276 -4.978 0
-0.120 6.874 0.920 -0.669 0
5.591 10.464 -4.384 -4.338 0
0.121 0.223 -0.473 0.970 1
1.965 6.938 0.577 0.664 0
3.519 6.332 -1.779 -0.020 0
2.803 9.086 -3.367 -1.022 0
-1.858 7.886 -1.664 -1.838 0
-3.380 -0.708 2.533 0.718 1
5.787 7.890 -2.620 -0.487 0
3.667 4.302 0.559 0.338 0
-3.313 0.101 0.553 -0.296 1
-0.278 8.188 -3.134 -2.528 0
-3.224 2.794 0.323 -0.861 1
-0.370 -5.554 4.775 1.547 1
2.974 8.794 -3.636 -1.375 0
0.116 3.222 -3.430 -2.846 1
5.069 0.213 0.203 1.210 0
-0.758 2.535 -3.046 -1.263 1
0.191 9.130 -3.725 -5.822 0
-1.300 10.268 -2.953 -5.864 0
4.571 7.209 -3.279 -1.494 0
-0.360 4.116 3.114 -0.372 0
2.821 7.311 -0.819 -1.878 0
-1.131 1.904 7.534 1.022 0
-1.478 0.143 -1.162 -0.486 1
1.451 8.790 -2.232 -0.653 0
0.301 0.174 -1.754 0.489 1
0.601 1.933 -3.289 -0.324 1
1.733 3.954 -4.741 -2.502 1
3.977 0.335 2.257 2.163 0
-1.397 -9.670 9.465 -0.349 1
5.287 3.257 -1.372 1.167 0
1.061 2.454 2.519 -0.170 0
0.211 9.436 -0.095 -1.859 0
0.573 9.194 -0.909 -1.872 0
3.367 -5.186 3.694 -1.143 0
4.743 2.109 0.137 1.654 0
-2.165 3.021 -2.413 -2.424 1
5.402 3.104 -1.154 1.565 0
3.463 -4.449 3.543 0.154 0
2.646 -4.815 6.355 0.003 0
-0.614 -0.091 -0.318 0.502 1
1.536 9.177 -2.272 -0.735 0
3.744 0.795 0.959 1.008 0
2.228 4.095 -4.804 -2.111 1
-0.206 9.221 -3.704 -6.810 0
4.677 -3.390 3.490 1.477 0
3.235 9.647 -3.207 -2.595 0
0.118 0.391 -0.982 0.428 1
2.695 6.798 -0.403 0.449 0
-2.215 11.963 0.079 -7.785 0
-0.959 0.091 6.220 -1.483 0
2.783 10.980 -3.557 -4.404 0
-0.894 3.199 -1.822 -2.945 1
1.775 -6.433 8.150 -0.898 0
1.168 9.157 -2.087 -0.806 0
0.529 0.964 4.024 -1.048 0
-0.173 -1.182 1.382 0.734 1
0.380 0.710 0.757 -0.444 0
5.062 -0.358 0.447 0.999 0
0.224 -0.521 -0.404 1.202 1
-3.113 -6.841 10.740 -1.017 1
-4.402 -12.937 15.656 -1.681 1
-2.966 -10.326 8.784 -2.114 1
-2.281 -0.857 2.719 0.044 1
3.929 1.411 1.808 0.898 0
0.637 5.202 -5.216 -6.121 1
-5.481 8.182 0.278 -5.032 1
-1.967 11.805 -0.405 -7.872 0
3.896 -4.790 3.395 -0.538 0
3.300 7.081 -1.326 0.223 0
2.856 6.918 -0.794 0.484 0
0.380 0.710 0.757 -0.444 0
-3.590 -6.572 10.525 -0.164 1
1.866 7.776 -0.238 -2.963 0
0.571 -0.025 1.242 -0.562 0
-3.682 3.224 -0.693 -3.400 1
-0.787 9.566 -3.787 -7.503 0
-3.231 -7.214 11.643 -0.946 1
-0.961 2.696 -3.123 -1.312 1
3.546 9.372 -4.035 -3.956 0
3.358 10.357 -3.730 -3.699 0
-1.706 3.309 -2.283 -2.198 1
3.953 -2.355 2.379 0.483 0
2.209 7.456 -1.328 -3.302 0
3.145 5.825 -0.514 -1.494 0
-1.778 0.855 7.130 0.028 0
-1.997 -9.500 9.682 -0.129 1
2.954 1.076 0.646 0.894 0
2.001 1.864 2.649 0.474 0
2.721 9.082 -3.311 -0.968 0
-1.508 -7.319 7.898 1.229 1
2.031 1.852 -3.012 0.003 1
-0.777 0.130 -0.031 -0.354 1
-1.939 1.571 0.046 -1.122 1
4.216 9.461 -4.929 -5.237 0
-1.101 -7.251 6.014 0.369 1
-2.982 4.199 -0.590 -3.964 1
4.003 -3.594 3.557 0.268 0
-1.258 1.589 7.008 0.425 0
2.229 9.633 -3.112 -2.716 0
5.627 10.086 -4.293 -3.814 0
0.562 1.002 -2.273 -0.006 1
-6.960 8.993 0.218 -4.572 1
3.891 -2.152 2.630 1.105 0
3.425 -0.147 0.803 0.291 0
-2.777 -5.697 5.918 0.377 1
-2.226 12.540 2.944 -3.526 0
1.164 3.913 -4.554 -3.867 1
2.661 3.168 1.962 0.187 0
2.897 0.708 2.290 1.866 0
-2.208 -9.107 8.999 -0.284 1
4.891 -3.358 3.420 1.091 0
0.497 5.527 1.779 -0.472 0
3.941 -3.290 3.167 1.087 0
0.385 6.599 -0.334 -0.565 0
0.936 8.886 -1.683 -1.660 0
1.300 2.576 2.011 -0.190 0
-4.377 -5.517 10.939 -0.408 1
2.565 8.633 -2.994 -1.308 0
1.594 4.706 1.376 0.082 0
5.504 10.367 -4.413 -4.021 0
-3.408 4.859 -0.769 -4.867 1
5.203 3.512 -1.254 1.013 0
0.814 9.157 -2.149 -4.181 0
1.132 3.965 3.398 0.844 0
0.275 9.219 -3.286 -4.845 0
1.762 4.368 2.138 0.754 0
3.910 6.065 -2.453 -0.682 0
-2.167 1.593 0.045 -1.678 1
-4.733 -6.179 11.388 -1.074 1
5.807 5.010 -2.238 0.439 0
3.926 6.030 -2.016 -0.066 0
-2.435 -9.250 8.992 -0.500 1
-1.822 2.752 -0.723 -2.353 1
-0.660 -3.226 3.806 1.184 1
-2.473 -0.401 1.486 1.119 1
0.757 3.029 2.916 -0.068 0
-3.278 1.802 0.181 -2.393 1
-3.188 -7.576 11.868 -0.579 1
2.060 -0.993 5.212 -0.293 0
2.564 6.777 -0.620 0.386 0
2.672 3.065 0.372 0.586 0
1.055 1.186 -2.641 0.110 1
0.895 4.774 -4.843 -5.591 1
-0.280 3.073 -3.386 -2.916 1
-1.912 -6.160 5.606 0.485 1
-0.337 -0.650 7.666 0.723 0
2.172 -0.739 5.467 -0.724 0
-4.021 -12.801 15.620 -0.956 1
3.529 0.716 1.951 1.938 0
-3.142 -13.037 15.677 -0.662 1
0.643 7.102 0.349 -0.413 0
-6.398 6.448 1.084 -6.618 1
4.827 0.803 1.637 1.188 0
-2.121 -0.056 1.949 1.353 1
4.616 10.179 -4.219 -4.425 0
3.777 9.779 -3.908 -3.532 0
-0.416 0.325 -0.336 -0.360 1
3.340 -4.615 3.982 -0.238 0
-3.205 -0.143 0.976 0.046 1
-1.391 -1.378 2.306 -0.022 1
0.759 0.292 -1.651 0.838 1
2.316 -2.628 3.153 -0.086 0
0.524 3.644 -4.075 -1.991 1
0.143 -1.089 1.004 0.488 1
0.474 3.361 -4.506 -4.043 1
-4.553 -12.585 15.442 -1.498 1
0.762 5.821 1.196 -0.646 0
3.465 -3.917 3.975 0.361 0
2.986 7.267 -0.409 -2.243 0
3.884 10.028 -3.930 -4.082 0
1.685 8.749 -1.264 -1.386 0
-2.258 -9.326 9.373 -0.859 1
1.943 6.396 0.092 0.581 0
-0.167 7.627 1.206 -3.624 0
-0.420 2.909 -1.786 -2.207 1
4.560 -2.421 2.641 1.617 0
0.052 7.052 -2.054 -3.151 0
3.086 -2.585 2.231 0.309 0
3.033 -2.593 2.318 0.303 0
-2.004 -9.368 9.333 -0.103 1
3.478 8.811 -3.189 -0.923 0
2.970 5.622 0.276 -1.156 0
1.018 9.109 -0.621 -1.713 0
-0.783 11.360 -0.376 -7.050 0
1.117 8.650 -0.963 -1.811 0
-4.141 3.462 -0.478 -3.888 1
-1.167 -1.424 2.924 0.661 1
3.782 -2.885 2.256 -0.157 0
-3.320 -0.027 2.962 -0.450 1
-2.322 -9.330 9.233 -0.799 1
-0.240 -1.784 2.135 1.242 1
-2.133 1.569 -0.084 -1.745 1
0.265 2.407 -2.842 -0.600 1
2.395 9.508 -3.178 -3.009 0
-2.328 1.438 -0.821 -1.286 1
4.368 9.672 -3.961 -3.163 0
-3.970 3.681 -0.600 -4.013 1
0.966 8.393 -1.361 -1.466 0
2.250 3.576 0.353 0.284 0
-2.330 -9.953 8.476 -1.873 1
3.189 -3.414 2.774 -0.203 0
-2.669 -10.452 9.114 -1.732 1
-1.239 -6.541 4.815 -0.033 1
-1.710 -8.790 7.974 -0.455 1
1.602 6.125 0.529 0.479 0
-2.446 1.629 -0.885 -1.480 1
-0.658 -2.802 3.712 0.997 1
-4.124 3.791 -0.653 -4.180 1
0.778 6.642 -1.143 -1.057 0
4.033 0.232 0.891 1.182 0
-0.360 -4.449 2.107 0.943 1
0.259 5.010 -5.039 -6.386 1
2.005 -6.864 8.132 -0.240 0
2.533 7.528 -0.419 -2.648 0
-3.564 -8.383 12.393 -1.282 1
-2.988 0.312 0.450 0.069 1
4.095 -2.967 2.369 0.754 0
4.174 3.334 -1.424 0.604 0
0.662 9.659 -0.288 -1.664 0
4.636 -2.661 2.836 1.199 0
0.542 6.032 1.683 -0.461 0
4.324 -4.884 3.436 -0.578 0
0.383 6.812 1.813 -0.613 0
0.496 10.224 -1.097 -4.016 0
3.466 1.111 1.743 1.339 0
-0.550 2.866 -1.649 -2.432 1
-3.379 -13.773 17.927 -2.032 1
0.621 3.677 -4.077 -2.071 1
-0.048 -1.604 8.476 0.756 0
-1.664 -1.368 1.997 0.523 1
-0.596 2.481 -2.867 -0.898 1
-0.703 2.957 -3.595 -3.146 1
-0.117 0.604 -0.386 -0.059 1
3.467 6.870 -1.057 -0.731 0
2.680 3.135 0.341 0.585 0
4.104 -4.807 3.349 -0.492 0
2.439 6.442 -0.807 -0.691 0
4.827 3.069 0.686 0.807 0
4.644 -3.373 2.598 0.553 0
3.467 -4.072 4.288 1.542 0
-2.167 0.124 -1.047 -0.862 1
1.580 -4.708 7.919 -1.549 0
-0.873 -0.033 -0.202 0.558 1
-3.551 1.896 0.187 -2.441 1
0.380 0.710 0.757 -0.444 0
-6.524 9.601 -0.254 -6.964 1
-0.394 -0.021 -0.066 -0.447 1
-0.036 1.525 -1.409 -0.761 1
-1.695 1.066 8.829 0.950 0
3.093 -2.918 2.223 0.223 0
-2.567 -6.882 7.542 0.708 1
-0.627 -6.301 4.784 1.106 1
0.607 3.954 -4.772 -4.485 1
-1.557 -9.881 8.109 -1.081 1
3.526 1.283 1.928 1.799 0
-0.363 8.290 -1.921 -3.333 0
1.214 8.799 -2.167 -0.742 0
-1.568 -7.245 6.554 -0.128 1
1.837 6.129 0.840 0.553 0
-2.537 -6.959 8.805 1.529 1
-4.839 6.676 -0.243 -6.578 1
-1.011 2.998 -1.166 -1.619 1
-0.821 0.652 -0.489 -0.527 1
-0.304 2.653 -2.776 -0.656 1
-1.956 0.207 1.247 -0.371 1
2.188 2.736 1.328 -0.183 0
2.614 8.008 -3.726 -1.307 0
1.645 7.861 -0.876 -3.557 0
0.488 3.567 -4.388 -3.812 1
-4.022 -8.304 12.555 -1.510 1
-0.167 5.897 0.498 -0.700 0
-2.292 -7.257 7.960 0.921 1
0.873 9.293 -0.784 -2.198 0
2.523 2.237 2.724 0.794 0
3.229 7.739 -0.378 -2.541 0
-3.817 5.140 -0.651 -5.431 1
3.802 -3.870 4.044 0.953 0
3.992 -4.468 3.730 -0.110 0
5.121 8.557 -3.392 -1.547 0
-2.910 -10.071 8.416 -1.995 1
4.277 2.496 0.486 0.361 0
-2.484 -7.449 6.896 -0.645 1
-1.955 -6.976 5.538 -0.129 1
2.194 4.550 -4.976 -2.725 1
2.688 6.020 -0.466 -0.693 0
-1.600 -9.583 9.404 0.082 1
-2.596 -9.349 9.794 -0.280 1
0.738 4.853 -4.799 -5.666 1
-0.410 -0.155 0.061 -0.089 1
-1.506 0.070 6.868 -0.506 0
3.783 10.053 -3.887 -3.737 0
4.306 8.207 -2.782 -1.434 0
-6.154 7.930 0.617 -3.265 1
-0.499 1.773 -2.247 -0.681 1
-4.068 2.496 0.796 -1.104 1
5.608 10.301 -4.800 -4.353 0
4.196 0.745 0.833 0.753 0
-1.224 1.749 -1.480 -1.418 1
-2.055 -10.868 9.493 -1.412 1
-0.219 -2.204 -0.095 0.564 1
-4.196 -8.182 12.129 -1.602 1
2.716 -4.201 4.191 0.170 0
-4.289 -7.863 11.839 -1.898 1
-2.703 1.633 0.836 -0.091 1
4.455 2.498 1.031 0.969 0
3.628 0.983 0.689 0.634 0
4.430 -2.351 1.705 0.909 0
0.376 -0.824 0.785 0.745 1
4.985 8.352 -2.543 -1.282 0
6.092 2.967 -1.327 1.455 0
-0.048 -0.561 7.722 0.453 0
0.751 1.916 -3.110 -0.205 1
0.744 -3.772 1.613 1.575 1
-2.827 -9.041 9.069 -0.982 1
4.145 7.257 -1.915 -0.861 0
-0.234 3.241 -3.067 -2.778 1
0.706 -5.498 8.337 -2.872 0
5.032 8.203 -2.626 -1.034 0
0.559 -0.310 0.183 0.447 1
3.024 -3.338 2.587 -0.548 0
-1.748 -5.823 5.870 1.212 1
0.884 6.591 0.558 -0.442 0
2.263 -4.486 3.656 -0.613 0
-1.400 -1.916 2.515 0.599 1
-0.092 0.393 -0.328 -0.138 1
-3.775 2.516 0.833 -0.310 1
-4.003 -13.498 17.677 -3.320 1
3.464 10.688 -3.407 -4.109 0
-2.390 -0.784 3.014 0.762 1
2.392 4.557 -4.989 -2.899 1
3.773 7.207 -1.681 -0.947 0
4.348 11.108 -4.086 -4.254 0
-2.791 -5.713 5.953 0.459 1
-3.137 0.422 2.623 -0.064 1
-2.007 -6.719 9.016 0.100 1
2.368 -6.839 8.421 -0.448 0
3.525 0.720 1.693 0.644 0
-2.967 -13.287 13.473 -2.627 1
4.828 7.760 -2.449 -1.222 0
0.774 9.055 -2.409 -1.388 0
3.900 1.734 1.601 0.968 0
0.004 0.629 -0.641 0.758 1
-6.753 8.817 -0.062 -3.725 1
-1.699 -7.116 5.790 0.167 1
1.982 9.262 -3.521 -1.872 0
3.866 -2.638 1.924 0.106 0
0.956 2.473 4.458 0.216 0
-0.775 -1.877 2.402 1.132 1
2.195 1.378 1.158 0.858 0
0.598 3.501 -3.980 -1.784 1
-2.659 -1.606 1.365 0.165 1
-2.262 -4.743 6.349 0.112 1
5.276 0.139 0.121 1.144 0
-3.019 1.778 0.737 -0.453 1
-0.248 -0.178 4.907 0.154 0
3.272 1.784 2.116 0.613 0
4.885 1.600 0.000 1.640 0
4.545 8.227 -2.417 -1.588 0
0.214 -0.695 0.877 0.297 1
0.329 -4.455 4.572 -0.989 0
5.681 7.795 -2.685 -0.925 0
2.423 -4.575 5.947 0.215 0
0.519 -3.263 3.090 -0.985 0
2.656 10.704 -3.309 -4.077 0
2.153 -6.167 8.083 -0.344 0
1.548 9.181 -1.633 -1.738 0
2.108 6.796 -0.171 0.491 0
2.424 9.533 -3.079 -2.775 0
1.567 7.927 -0.057 -2.169 0
2.314 10.665 -3.529 -4.767 0
-6.368 8.010 0.425 -3.221 1
-1.327 9.498 2.441 -5.269 0
1.364 -4.776 8.418 -1.884 0
4.718 10.015 -3.949 -3.858 0
-0.540 7.327 0.466 -1.454 0
-3.917 2.665 0.789 -0.782 1
0.030 -1.051 1.402 0.774 1
-1.490 -2.218 1.605 0.894 1
5.178 8.232 -3.251 -1.569 0
4.546 8.167 -2.459 -1.462 0
-0.016 9.748 0.154 -1.613 0
-1.759 -6.462 8.477 0.320 1
-1.992 11.654 2.654 -5.211 0
-1.411 -7.108 5.645 0.313 1
3.936 10.589 -3.725 -4.313 0
-0.131 -1.778 8.332 0.352 0
-2.315 3.667 -0.697 -1.247 1
0.329 -4.455 4.572 -0.989 0
-0.985 -6.661 5.825 0.546 1
3.923 -3.247 3.458 0.837 0
-1.771 -10.767 10.218 -1.004 1
3.515 6.822 -0.674 -0.469 0
4.601 5.626 -2.124 0.193 0
4.022 -2.191 2.465 1.141 0
0.889 5.345 2.045 -0.194 0
1.563 0.896 -1.970 0.655 1
-1.237 -1.691 2.518 0.516 1
-3.750 -13.459 17.593 -2.777 1
2.017 -0.252 5.171 1.076 0
-0.539 -5.167 3.440 0.052 1
-2.699 12.198 0.677 -8.548 0
3.931 1.854 -0.023 1.231 0
